187094
1018229
68689
3615616
99561
37473
1021313
68803
169933
86052
1011512
140902
71455
102236
3519599
1025631
1006346
145012
61332
129085
85201
179064
171287
104734
1012334
101170
1017999
1010327
1009433
168329
176960
102735
91028
183646
80409
1008194
168169
147274
1001122
75032
69074
93970
168655
133365
144737
1009291
124270
189702
91052
102513
60971
52882
54254
115131
119358
1015397
70179
114167
166632
77621
161165
1025373
1008360
78813
139536
142954
180838
128409
1009540
8044
3616934
8129
151665
150173
171923
115684
134138
150289
96805
53383
180154
76644
1014626
112514
1012044
1002238
147644
97902
172923
165514
1015755
182765
128333
1007771
187095
76065
1010243
76444
3587857
181889
153197
162375
176172
3935746
1023388
1017159
58253
3592307
1012331
99859
143514
109883
71865
183827
71904
103258
3430923
154946
166045
122658
1021786
1018248
83777
132018
75207
71444
54738
47689
69027
62188
98530
16200
183098
1017326
75787
68164
61620
69594
148158
161290
92054
1019925
91246
115107
133082
107011
3572703
155223
179789
162183
177841
172329
1009676
168237
109723
180136
181665
149860
98770
1019055
98628
3937227
156061
3934850
84471
120591
146504
69959
178703
3938009
147429
44554
146158
81242
93382
1018883
181168
54606
112569
1007787
1016542
93945
131203
116544
1009228
1019330
174328
148305
156187
188981
177280
1022373
149885
1014432
167950
147927
106945
103150
57312
1001206
175382
68760
160836
1005111
140462
188610
90663
123387
74771
182475
152195
159404
107656
168447
183536
92314
157886
177131
105153
172369
46811
114820
164724
137621
162987
107013
46549
101283
188910
116864
127192
76819
83822
43540
89239
114617
112552
1010456
3591382
189533
1010851
101129
100855
184631
1021750
1016709
162585
136210
127291
123542
1005514
164159
110473
114898
75664
124678
167589
43927
72319
159290
154881
1014602
77171
147014
74313
1006395
159751
65587
1016678
187956
54841
154896
150137
1011080
167359
1014687
161085
110999
147996
111108
1004141
96895
1013375
140020
180855
182985
83211
1009592
1022352
1020879
86270
189800
131008
161721
1015916
175556
1009178
182354
181030
133783
178071
161861
142664
54233
86635
3935543
161922
84450
152468
3178995
107785
145768
144520
1016445
149062
161061
102402
151640
142886
125701
70469
1007580
112270
69231
1007464
119096
106155
105225
120943
185974
1014767
166127
73377
124996
3269170
132486
163928
1005508
71610
165055
74461
135026
169018
176098
68173
162903
71294
171993
160858
159921
3096
160404
184761
73660
186551
116965
113075
1022878
178830
1020246
47132
101978
172023
78215
1002864
174949
93358
1013733
172847
171446
121633
125057
169479
1021808
151344
1014950
4106
112318
4904
1013732
1020421
1014949
141421
183826
117791
86435
1014348
92567
74860
133649
78710
162193
1018153
3164880
1000459
103757
81934
131968
2574
1025392
146040
98821
1016974
154830
149219
1009517
1021794
179441
161481
164783
47310
159467
145713
1007123
55842
1010465
165199
54521
68624
73683
1000917
1018654
151743
2301
1079418
159188
143275
188616
115254
164661
135810
178443
1017782
162800
118439
114971
183140
3558626
169364
1002942
186951
1011061
84040
77572
160944
1017579
1012755
1005218
72122
1000024
1023893
1013462
189887
124685
97660
1014510
103484
117440
118321
188057
70454
168583
1019266
1009607
69584
1011081
81809
150116
116232
120820
188751
113220
170062
1003786
1024948
64559
46243
1016220
1003896
107792
1020015
94658
3942728
1002759
106627
3935602
95861
1022483
110097
68300
174382
54170
165864
1002661
154937
115051
168671
177655
186719
110351
128910
128994
100804
140475
146150
135660
109824
126209
121044
128254
128228
96633
97539
86579
91983
137855
148886
150586
1000197
75794
157803
1015696
3578436
70557
136050
87286
108805
1003352
103438
177527
185010
90359
157284
105998
113853
111397
1001147
119937
144419
1022758
145274
3041878
158716
3577873
1013572
160193
162971
187738
153347
73988
125686
1010824
183564
1002985
118630
182654
140655
3001231
142861
1025026
126122
173396
1008640
129169
1008546
70575
189551
1009754
107641
68658
111295
1010639
162377
144727
1005593
174950
114798
90883
132988
99761
1021713
90627
187003
1015076
179860
170757
178056
7784
177850
1023570
120462
187846
1005067
90003
156072
1022298
86204
162535
78580
179934
137444
168420
1023274
130006
1025182
177767
152601
95031
188394
1006345
144542
84541
184142
132451
60922
1009503
1009440
146574
145733
33554
1001404
37615
164567
68095
185253
117164
164199
164735
84109
127623
1023510
156690
152525
3604149
15847
1017335
101929
2022908
187351
1003008
101013
116253
124295
104566
1003092
1014126
112022
76226
109526
162380
91605
88075
124281
7019
110356
3585689
80767
1004036
175462
184454
73105
120996
171924
117462
105024
164450
159659
136056
131012
1013502
151071
148
173796
145829
150059
1012753
162537
137938
1002319
187096
160316
152017
63469
1020430
168933
79613
98257
104114
1009507
3940431
107111
179600
76738
101483
189063
129602
1005147
167377
186005
101037
3616632
155675
159813
72998
160725
1016767
3436506
1015414
162744
167856
181981
164688
160136
189820
94031
64999
133846
1014738
151161
140263
179830
158855
3616528
1014842
68352
3348316
78111
3602012
138303
175199
163446
182139
163436
108026
1018380
1008990
1003251
187462
95514
90069
109459
161592
139469
146652
123438
145752
184140
176590
145289
155243
121875
89562
1011071
47157
180155
133322
80426
115023
3589580
1020371
83632
3592046
1006144
187183
3619285
169465
114036
3616499
181584
88610
177753
182100
1016654
147190
157411
80428
168048
133341
182068
162242
3940383
72537
184213
78144
179327
151840
180958
3612779
150076
184154
1023349
161936
86634
145630
185589
1020886
1009225
74122
189068
165903
3578986
184070
100942
166026
73829
153926
1004886
107373
84205
178213
1011481
117765
153223
134766
186009
183395
1009673
153898
142790
1012481
177659
118602
75107
148179
2008935
181495
146532
3422472
1008911
169880
92381
182541
3599026
150454
122035
165739
3614056
177501
3616397
84574
1010284
107850
141781
112996
149075
162743
179333
174986
185819
179481
179419
179469
159427
46265
106613
1006939
1011677
3939449
174870
1015141
3560444
1010581
134897
127743
130761
137662
1002377
1024873
1009436
174596
44551
1003061
1022705
1004361
165233
123334
146764
170838
1009558
168683
157512
95101
3618463
1024399
173365
1016676
72432
183760
67797
173946
156736
108100
68819
188693
105984
71838
137145
126899
137358
1009187
164283
158069
71840
154324
1019441
148829
1003188
1024601
180192
148928
129630
1021062
145579
187104
84265
116053
142098
145831
186779
158594
73045
131378
185578
3297101
118917
154467
184509
115096
133106
179755
171082
109055
83678
131566
74345
1004647
178117
2006201
1004989
147068
160678
159847
175731
145601
185214
178333
1007502
88723
134515
169919
1011206
104082
183309
189111
3385559
178100
133984
188653
96340
163308
168837
127343
179034
177667
130100
175588
111426
168858
132012
150719
175785
174317
117813
107779
133991
131381
1020182
3577350
116001
66370
72505
69561
1010325
73299
166435
181519
98187
181327
182000
129185
147797
89540
120893
149053
1019954
117854
131205
142744
160369
134410
3118291
142710
99731
1011480
176788
149107
159400
158012
109978
90112
95982
158396
154323
126794
170739
178696
174904
146266
1019547
123917
124495
166666
3305250
1007244
1001649
2009583
1019810
3942561
150916
117514
116102
1013452
98689
78534
96786
86593
109218
112753
1001659
153331
1024855
133072
133767
1010323
132641
84015
1009419
124361
117049
153729
73571
97671
175515
3498718
82667
178760
1007193
180114
3391557
175855
1014561
113787
165422
185057
158082
163142
124852
1008874
168141
108031
101783
1008088
94349
115614
1015042
131520
149794
174614
101882
1003604
183546
102855
3535037
187048
1006692
173861
72919
88756
147070
1003341
1022574
1006841
1003055
1006473
1010567
138963
119833
167823
66031
107119
73963
156846
148162
83299
1012591
108247
118488
2012308
121225
96692
164982
188068
1008549
1021913
125267
1015919
133759
3172304
161353
172409
89545
84806
73750
160366
157808
1015915
124615
138166
185755
168266
99755
1021227
153558
181049
163595
98602
143002
99799
130631
178991
131826
179023
91363
132273
151678
158619
171355
129507
171184
3577911
3577587
63373
175887
149071
153519
126937
75397
135290
189649
157353
159030
147697
131647
158230
1022540
89423
178807
1019222
123684
1015918
137802
172075
182909
140173
1001967
1024545
3615048
133755
184175
1004655
144950
115875
182876
158895
1009905
143952
3408300
127149
105686
154022
167527
1014282
174643
119555
141275
80610
1008028
172651
3942357
103692
3136722
89843
83600
3598065
148564
163355
93019
189120
111614
1017296
106977
131143
109841
150900
128318
174828
1010454
1014530
100701
1008937
121451
90560
69083
75145
143745
128788
93323
3303272
159549
96875
121334
106186
3616482
3314092
187223
3941791
170025
124009
134529
137275
101831
178502
129467
177616
1021098
1003125
122581
175401
138435
184469
3940850
90496
1010582
1025524
1025644
174349
150879
106953
175579
142123
126661
154220
1020749
112167
127688
1022972
179690
154864
141272
153251
177394
94643
162500
116275
90584
89188
90025
1010395
175398
3592191
134673
28679
1018551
169017
142092
1000114
3614354
3617451
125784
78640
166062
3211726
3554493
3468705
170905
185449
3493860
3483079
144321
3269019
3550580
2025403
143006
101955
3940089
184803
153142
170080
108203
1023370
1009366
175375
1001032
189906
1024189
1016138
172237
1015585
3942159
128363
144334
133765
92458
3940488
3571305
121510
139751
3617064
1020040
3936352
3935000
161272
121987
143396
86025
102219
173034
69848
3938912
174259
3406471
3598601
3935321
3935064
3488550
115386
134686
3009081
3936694
1000032
1000735
116011
1000056
152909
3368136
3377056
1001672
161119
3938355
3938572
3936090
3939052
3937660
3937833
1012038
180207
338
3590299
141362
124296
145669
71130
3940504
171888
3410628
1007182
92450
1023279
3112164
134669
99978
3935428