74620
150281
89226
43877
187924
3508870
165926
154095
112053
66191
167386
68045
1012527
146725
178475
1013584
106268
130083
61392
160824
131339
1013593
175246
150738
1004517
1015083
99865
149408
1000374
108468
159585
117808
1000376
125061
1009104
130390
153332
153575
158753
3265518
163842
165466
169415
174356
174883
177719
177896
1008096
181222
180999
91987
187669
1001039
1016831
1019710
176948
1003259
169824
168279
89798
146526
144433
182531
114053
123835
154072
1009816
170207
174293
87266
90760
186574
148550
172344
184150
137066
148320
102004
1007940
93790
133463
128637
176395
152458
189407
187055
186032
137794
85073
74232
1006584
183739
178269
105751
143911
101115
136062
173684
148465
8098
1001347
1012899
1010220
145242
177781
178972
171882
137421
145649
109165
179778
126217
103823
178579
91304
1021364
185188
146866
182627
3534023
152369
188072
165547
77852
69409
1021369
75691
168186
97983
47568
1019319
1005225
169828
50556
104946
145312
130735
73544
46693
183656
186265
106072
182235
172819
133968
1010299
163194
162068
126978
179970
173186
43436
81731
183116
1007694
169854
160749
75498
164221
172550
102633
133380
119652
83778
157656
135233
174527
104304
182994
141102
91598
93915
176044
83864
111145
187404
1024025
165388
1010551
169818
47685
140047
112071
105797
113174
173843
68677
87757
168600
1000240
175573
103611
147995
165635
183965
133100
121538
95799
80046
1014371
141654
178380
161555
178324
105576
155549
158802
1015443
48367
77642
102427
73092
114488
86900
87026
98508
3942887
76722
103892
183247
69744
185087
96432
1014783
184831
163613
75034
87453
1019282
45917
102243
103798
158944
135723
170651
151304
99821
143070
148068
162388
133253
3230207
147674
173802
175627
1000711
178892
167733
90812
2028570
187905
111101
76432
76232
1000690
178257
75826
89664
133684
128971
187809
1016929
167485
179326
111940
75124
74475
1025463
102878
159244
93703
189832
177893
151892
124895
153358
162530
183873
142934
184518
1020118
150707
166996
109017
182927
1013278
160082
183302
105595
159301
138739
126853
18728
158928
1020425
184253
175290
169698
119167
105078
181600
142521
133941
123958
186099
90507
138772
188613
154872
1014893
181077
144319
89778
22804
161145
158978
184766
3576310
131166
81811
177763
83745
102399
150692
186983
95654
1005905
173735
108145
163625
89403
55515
150945
176413
162051
178738
87219
1005017
140296
74515
155976
1001607
171947
75786
150929
115974
127841
168204
1002573
175063
3488781
122453
166835
159965
98163
178498
174398
182313
114725
154926
93413
168912
128741
23322
153866
1009041
109483
155917
171802
1025106
74446
161287
105417
92127
67151
188978
1024181
173530
1022757
183766
148823
176952
1018675
65223
88489
185659
176140
1013149
160017
185806
101322
179170
175474
169448
45347
189584
170949
156147
174040
178216
116411
77145
181718
84748
83839
171325
126419
93583
1003499
176656
1017310
1002350
176235
185586
181602
1012479
1017831
108193
143844
168759
178819
186690
110340
9821
148805
156916
183926
86108
12458
175812
1005102
74171
181237
156943
107089
159873
145762
112340
3506508
175295
169380
169546
166713
111199
1022558
188921
156008
1000553
3509762
133171
181486
1016799
172958
1012402
154744
1011618
1021610
121956
115252
96718
176183
186714
150635
184979
1003424
1005154
82927
171120
97468
169056
173334
1023639
1025258
172503
142186
96722
169335
174541
143069
30323
98507
174406
185866
134344
169517
1000657
184911
54980
107350
1019321
75818
96863
146171
1000025
183977
1019442
1017903
142648
173514
108049
118438
147464
167340
137588
105833
165745
156124
166796
100117
95690
1012449
176343
181484
85028
1014739
110458
171484
92473
86916
98544
184483
1005323
168335
183459
189495
138954
3617231
163309
3940333
181956
1007342
157565
123973
1009381
1018733
87448
175949
165392
1013268
83847
123859
1021443
74038
1000178
114020
130265
139412
105197
81458
177541
73653
158667
165373
119488
146917
171641
165488
1000679
1000150
92664
88749
46728
6435
111926
173692
189209
100487
99905
187941
1019866
87354
162448
100732
163471
177284
179160
186761
1018420
3617576
188403
161882
101245
72297
163505
59442
76808
171624
175343
56616
178711
46540
1016898
139087
157791
151622
186769
141715
76996
184042
98923
75246
169424
140097
182063
93222
140282
140328
142729
119143
148403
119008
156256
142881
125327
165962
149109
149634
134934
121859
123729
130775
171977
147114
75774
112267
97179
101781
158612
169202
153903
156220
162231
72417
165432
171585
179737
175919
137155
171294
121741
78222
162495
143711
159841
1014071
188781
161171
143090
113112
118907
169187
155727
150460
177502
154231
161586
106992
164499
165401
167580
166664
77994
114307
89836
6499
78090
81645
1006024
141264
103372
150332
137103
154582
119323
171105
101627
145490
1002007
150170
135248
185198
112130
183422
180974
111098
107205
121750
119237
102100
184006
183602
1019501
110258
165372
70857
113192
1022293
169920
71962
177027
1004199
1010489
168618
176368
179206
1024123
1003178
1007088
142154
115877
143634
1015355
122129
181802
93286
3288440
3025870
93260
175078
151527
160739
100118
178042
150301
124929
181881
86729
186010
174453
124486
1001623
180270
80697
189737
185499
125942
1020579
180921
139294
116368
1011696
1018865
57666
1000069
179879
142207
88106
89125
158167
165803
160182
108127
167140
150180
185011
149078
141069
178924
69506
107790
129449
67658
145233
153744
159276
125062
101246
99209
165894
57033
150609
1003496
168681
185532
172196
1020933
1021530
103457
1020379
1002131
169463
104243
155076
158459
166685
103947
182806
152175
84505
1001524
1018846
1000432
156555
3934980
178418
96911
140181
1013280
102079
70232
93310
105973
91495
75414
116903
138874
154704
161870
171442
62064
173174
180919
150101
177827
1007840
1006297
154484
132306
173141
175876
167030
145237
1022884
105051
1017954
100456
1015077
83530
104202
114009
3499082
149674
48016
186925
146934
188574
116927
1018314
139211
98591
1004387
143938
189829
177797
91553
181855
135391
136187
68662
3471886
134824
97978
163963
108249
188645
113266
1000716
118896
1012362
75604
159612
1012360
1022237
114811
170451
3179246
177663
2015898
178087
184754
181574
92613
83689
162675
146493
1003099
145917
132431
1014578
1022327
182205
147772
170769
1009985
151615
43881
1018306
1003064
178068
183221
165418
187342
173792
180404
83157
158592
145095
142054
103193
107687
132186
170376
156993
137100
1002544
120420
134211
1001955
1003004
175708
170802
70806
1009537
1005468
1007642
173877
145614
1937
175880
101566
131518
159042
1019213
115130
110425
109523
176783
155424
1022828
3613507
152371
80203
175061
158969
117292
116446
100916
147175
112798
108444
1000623
162910
1017538
1001228
3613353
167248
76321
77542
173295
162464
115117
172398
183976
109684
113883
1021357
187162
1007289
3572496
105848
101381
133139
133585
3217391
80886
174831
187002
70042
156423
1010502
164991
174736
1013819
81670
1005574
170202
101954
75919
3252869
144557
97467
189348
147366
1023901
180245
1008751
184612
133149
6482
104195
3315519
168991
122625
1001941
3616458
3616367
185832
130225
160593
97675
104592
106623
187605
154174
152661
134472
133581
113226
175112
3616435
1005537
122704
148366
1024054
98213
177337
173515
149921
153373
1005220
131874
176599
3588860
46471
3454511
1015980
179644
119849
1019718
3140415
1002929
91433
183407
3314746
135369
3599083
3616642
1010068
1004846
75762
116824
139982
114817
168423
177379
95122
183902
1003196
144508
184849
84058
167093
68030
154028
128656
1009278
95143
169557
1001689
95623
104223
102074
156214
169088
104222
188108
180242
167065
1001014
173847
172296
1006727
164547
130927
183898
161418
1021029
126803
178640
134004
164482
135258
174854
188447
3937020
186514
122651
96108
110616
1008551
1003892
1007984
171156
167912
187574
106460
1001816
160302
181485
1009294
141411
117627
166864
1023969
80729
161334
129701
127093
1022306
1004035
87256
158035
173173
135254
152534
76337
183299
106393
129821
149475
35756
106318
183056
98588
1006120
1005717
129539
167327
2001920
127271
113271
1010044
167135
160375
1003810
132163
134728
1003431
1022826
138598
1028378
131236
1012613
134764
1014025
1017279
86739
148804
219
182798
131194
153333
142029
1008602
103375
112195
1012824
177670
3090000
168413
1009447
1023173
154478
106739
146404
178604
101045
1005884
1005348
3473760
3179497
152244
26935
1003139
141665
3502001
121663
181940
96364
180892
124016
3490769
132340
187814
173730
98866
173686
3531704
1023614
3573918
161092
3171368
97554
157101
173800
1004614
158915
157474
185231
92297
159206
174489
188684
177653
170560
107368
179492
3369909
159233
1095414
1025014
1007705
186372
3379707
1012954
1001870
3306622
1002945
1009142
106382
185818
164907
1019757
132977
153914
170350
97305
1017138
1004186
136706
68797
1009339
176201
88209
88136
163296
154374
140146
1014034
85545
3555449
1057524
1003971
96040
96712
1009241
3614781
48269
2019184
1007399
1008817
96535
115928
92477
1022176
177775
86416
123059
1002790
1010533
1011563
154537
2012094
1024904
1009235
162086
1012220
3936529
166655
1015352
80345
1000326
172180
159624
160337
142964
184925
185939
156674
1024662
30683
171065
173671
118987
159497
164813
1010818
108103
3604144
1000377
188145
180723
122646
71659
189030
3271611
29734
81741
176141
133132
134768
3472577
2024029
3543806
1019102
100548
3452622
1002961
1014108
90467
84396
1011411
176287
137853
1025446
120386
171279
179020
160452
184357
167456
182850
169087
1018732
183704
1014451
88760
185212
1010907
3127245
189794
1009357
114636
116792
124642
1000291
1010490
1010526
64185
1002375
129759
1011366
136667
128264
1025552
108125
1001096
3050607
1037932
180687
1002507
1000848
1022057
1022868
1001074
106818
100734
98432
177622
3941630
156989
1013720
1000504
158904
189333
1001474
141696
1024800
1002593
64091
3468076
3432939
1008935
178918
3612906
169794
84666
1006490
164399
138164
1014734
2014472
103156
3514878
85164
169552
3938958
3938417
89991
174348
127347
170432
1013333
68397
115091
123466
161560
134196
43228
75829
107670
1008273
70120
1006603
137610
1024016
88869
1014433
1016545
1015636
156507
180584
101647
1018999
171488
1014057
3942250
140822
188263
1000229
174201
88205
1002855
18776
3938078
189230
3389981
185868
172674
49827
86654
1006706
119883
113494